# @Author: Rogerio Ribeiro
# @E-mail: zroger499@gmail.com
# @Date:   2022-08-03
# @Description: Colorblind colour pallete used through the paper


safe_colorblind_palette <- c("#88CCEE", "#CC6677", "#DDCC77", "#117733", "#332288", "#AA4499", 
                             "#44AA99", "#999933", "#882255", "#661100", "#6699CC", "#888888")

